460,155 -> 474,155 -> 474,154
471,152 -> 475,152
474,150 -> 478,150
475,119 -> 475,113 -> 475,119 -> 477,119 -> 477,113 -> 477,119 -> 479,119 -> 479,114 -> 479,119 -> 481,119 -> 481,115 -> 481,119 -> 483,119 -> 483,113 -> 483,119
477,148 -> 481,148
477,152 -> 481,152
480,146 -> 484,146
480,150 -> 484,150
481,106 -> 486,106
481,122 -> 481,125 -> 476,125 -> 476,129 -> 491,129 -> 491,125 -> 485,125 -> 485,122
483,144 -> 487,144
483,148 -> 487,148
483,152 -> 487,152
484,104 -> 489,104
486,141 -> 491,141
486,146 -> 490,146
486,150 -> 490,150
487,102 -> 492,102
488,106 -> 493,106
489,133 -> 489,134 -> 494,134
489,139 -> 494,139
489,148 -> 493,148
489,152 -> 493,152
490,100 -> 495,100
490,23 -> 490,13 -> 490,23 -> 492,23 -> 492,17 -> 492,23 -> 494,23 -> 494,18 -> 494,23 -> 496,23 -> 496,22 -> 496,23 -> 498,23 -> 498,21 -> 498,23 -> 500,23 -> 500,18 -> 500,23 -> 502,23 -> 502,15 -> 502,23 -> 504,23 -> 504,22 -> 504,23 -> 506,23 -> 506,18 -> 506,23 -> 508,23 -> 508,19 -> 508,23
491,104 -> 496,104
492,137 -> 497,137
492,150 -> 496,150
492,60 -> 492,63 -> 486,63 -> 486,71 -> 502,71 -> 502,63 -> 496,63 -> 496,60
493,141 -> 498,141
494,102 -> 499,102
494,97 -> 494,92 -> 494,97 -> 496,97 -> 496,91 -> 496,97 -> 498,97 -> 498,88 -> 498,97 -> 500,97 -> 500,94 -> 500,97
495,106 -> 500,106
495,152 -> 499,152
495,57 -> 499,57
496,139 -> 501,139
498,104 -> 503,104
498,54 -> 502,54
499,27 -> 499,28 -> 519,28
499,84 -> 499,80 -> 499,84 -> 501,84 -> 501,77 -> 501,84 -> 503,84 -> 503,75 -> 503,84 -> 505,84 -> 505,83 -> 505,84
500,141 -> 505,141
501,51 -> 505,51
501,57 -> 505,57
502,106 -> 507,106
504,158 -> 504,162 -> 503,162 -> 503,170 -> 511,170 -> 511,162 -> 507,162 -> 507,158
504,48 -> 508,48
504,54 -> 508,54
507,45 -> 511,45
507,51 -> 511,51
507,57 -> 511,57
510,41 -> 510,42 -> 521,42 -> 521,41
510,48 -> 514,48
510,54 -> 514,54
513,51 -> 517,51
513,57 -> 517,57
516,54 -> 520,54
518,31 -> 518,35 -> 517,35 -> 517,38 -> 529,38 -> 529,35 -> 522,35 -> 522,31
519,57 -> 523,57
0,172 -> 1000,172